%Mass of Each Gear
M11=0.5;
M12=0.5;
M21=0.5;
M22=0.5;
M31=0.5;
M32=0.5;
M41=0.5;
M42=0.5;
M51=0.5;
M52=0.5;

%Radius of Each Gear:
R11=12.7*(3);
R12=12.7*(6);
R21=12.7*(1.25);
R22=12.7*(3.90);
R31=12.7*(1);
R32=12.7*(3.75);
R41=12.7*(0.50);
R42=12.7*(3.50);
R51=12.7*(0.50);
R52=12.7*(2.40);

%Momment of Inertia
I_W11=(M11*(R11^2))/2;
I_W12=(M12*(R12^2))/2;
I_W21=(M21*(R21^2))/2;
I_W22=(M22*(R22^2))/2;
I_W31=(M31*(R31^2))/2;
I_W32=(M32*(R32^2))/2;
I_W41=(M41*(R41^2))/2;
I_W42=(M42*(R42^2))/2;
I_W51=(M51*(R51^2))/2;
I_W52=(M52*(R52^2))/2;

%Damping Coefficients
B_11=10e-5;
B_12=10e-5;
B_21=10e-5;
B_22=10e-5;
B_31=10e-5;
B_32=10e-5;
B_41=10e-5;
B_42=10e-5;
B_51=10e-5;
B_52=10e-5;

%Friction Coefficients
F_11=0.03;
F_12=0.03;
F_21=0.03;
F_22=0.03;
F_31=0.03;
F_32=0.03;
F_41=0.03;
F_42=0.03;
F_51=0.03;
F_52=0.03;

%Compund Gears
A22=5;
A33=5;
A44=5;
A55=5;

